$ANSIBLE_VAULT;1.1;AES256
61366132653065623432653366363661316235643732653562613231323335353735346639366236
3230353934356663366139626237346565623664326631620a373864353939656436376364396165
31646436313966313961643264303036396536623064666537313966626633643563646239666437
3132383563643762350a346434366566646332363937613634326666373433326663396162326137
32313132643932633631343431663536663237373362316331616335613531376334336632616437
61623563653130313236623065356133646530633736626465643832393763323631303539356530
65666263386666326561346230366531643864333337323638343436323666346565666462616131
37653738396630666466373161356362653966353437643634313034303164666230343762303061
38353532326430613633373364393162373935346135626564343033353230363835616363336366
66396365653236383264613738616636393732383763376139643731366235373561393561333366
33376662323736343962643864633530346666376232643035323764376338303830656363613737
35373063376562663164323764643861386662666263646339346632366366353932643938653761
33643336326666346231393036656538396239366533623639353832656639653132633334653164
66313233613263616633346161643237663237393865636431373566303536386161666332653435
38303862626531376165333666323336353862626630363666653961356561623362633836386561
64376534663963363338383561623430336637663439653062613433386365383930663139366330
61656135313862653438373566353231306339316639323234376135366331396464386332306663
30633637303766653435326239373736376238346333323733616264303836313531383963313232
30303334323263326232323866363232616331636662616162643130653166616436396237356230
66386432613664646264613464626461306264353630613934623562383862306334363433333136
31616637336431663438663965346131633133356433316261323030366564326539633861333834
66313838333133623164346162613831613466343266343237656165306361323764316632316461
66363863653835393565613661663837653638386461376335313532323834323362646566643037
35333037303638656437616436623133333166333766613364326161646138383961336162316164
39313362393139386539323162653430316462356561383662653835396433323237393135626261
62373834373962346431396139613561653033663565306634383338336232343232303166633338
34393335383136613739386164316234343935373263373363303336616531383363633737616439
33313633623536633836336132303432653834633462633464666436613434333536636464393330
30363662313933323531663232663536303937396632353030323635393363636234643163313935
65643266653934666339633231656430323930643766623735343665613463393930646361633464
37333938353332393438633931643136316466343533613461646331303465333663663535616631
35336235666365346266326664383239353234653731616237373536373036386362346634613135
65386334633133316361373233333763626239653233623732376334316335373361343534623565
62363339303239363933376564303862653134653762646236636163636665303138383838656231
32343932636531616634363239663938636464613936316665663364333362313862313632376339
34353538366635303231623265356464666439633132323238623362343735326633656165656665
36306461313833356330306363316633303631313536316639636236303661333237663438346237
35323062326264393361373566356234643239613261323937303630366565626566666634643333
36653139323337646161386432316565373338643135306464333232333931643632393365316337
37336365646563356231386132386231363963616330636136306630383261303964616332653739
66333337346439623636343535396137323938643134316436623339323132386433613135373664
61383231373932633830633531313265643231376565643365373539393566623134663862613663
62333931396534336430626333323931356462343862366532613839306463643963303938323665
65613362623565333133663939353833616138383366353562626664396465336565383163353638
35343233396466303931383563333030393335653965323864653861663863636561633236323730
63386131653136633839366665636337353132316139313664373963336562613338643633383638
63306438643363396634346431393733386130363534663661336464376533613961363762616434
36353939633534376533633962633964303765386331656537386334346565376139656338636331
31323031386434643365666462313130363435393765366537353864373939393239366632353438
36666537656135306138666331646532393933666463393835623765366233353931653265363335
62386262396361326636613063626230663065353965653162333537633831393536636438346439
65373665393530653236616339393535366232613133333433303563653233613437386437393563
32356639663934353837393037346630363764363362386638353362306539636533316262363164
62663864353939346565353533303863356435366264616366643438633930636237323761663139
66346230623365666563376562396265353033633635626230386532346364663566626665343135
62386363393233373831386539643235313532616234636633323564646339356238646630663339
62623833393163376566313966653735666466303366646338613564646532363330653130383165
61336236353763633263336533333261656530356439396431386434663136666261393838386366
31376534656330396338656631373263333463333736383632383730303332333061383065333539
38633431343439653033613662653236333630306165393163663530306166393332366233353261
37303365386632623730323139316131346264613637326232653937353461373166336130326561
32653837386630613538633062343537313830303836396330373763653931333266343730336630
37643835343639336335373531643130626231346437386631353463306133653636623331356231
38343465376537666234393364336163666462303866653861316365623366623032323236613035
38356137643534663138616431363839656137656338616163383864353138323635383436383632
38303464663435383734326165313863363438393530656434343866313034303465653435393130
35376563396537353533656561666565373035396131346330633633313936363433373462313632
63363838386464396532613539303961613866356235613233323161323736656233663561653038
32663332336134656263623230616364663463383230623731376436376561373738386333623030
66323539636262376362363331666132353433636639623063346533356534356133313337353935
63313232303363316563346631633231643865666562343034386264363631326562306130323931
64666239333334633935323832303861646361323439306165306535393336343962306165313430
38303830623830633764636163653662323566646530313762643431343034326261383533356533
32363031383861346332306230306338623037303631646338643136393963366562323838636332
39356433623566306661336661643965336663386563626633306637383335383735316333376637
34656534633866326661623461366337316436643635336133356636663437656335346466666538
35336662316137393737323137656532383664356565663762336337356136376266663233303136
63653133366333303336643661353762373930353866646336376263393134366264636465636137
35383833633666353633366138396136636636663764663362343265303937336561326232646164
36366164306634343436303837643438396636326663616462626562626638313963626231313663
66393937376139643333636662393631343863363563613363336563306535383566656433363863
33666232373936613062333366366534623730323863643737363231343362323835323132363532
36326438306531663864643632656535373239386134626336306430656565346361656137326534
65393562333733626534326530313838343639663635313130316332633063663331666562343730
38646230383037643332633831353661636533633564643338356661336663663532343230303937
38666232376565373364333536663765383530353061343566633839346238373563343738646334
62383861643237333238353461653536373162373631326232376638306563376333666331646437
33653939333636376231343062646337383636373638353939313033326566323864346163623839
33646536376637333565633731306363383131393634383539313666373764656431613537643938
35646534383531623431643866336130633165626162666164613138333764343436303139373337
31393865326331356365623532373762353932303935356439303131396366623933346435333131
63616566616437336264383239346435613163366633343337343731383736633437626132653535
35656162666630313630373534626130343363653830316139343263373661353463646363363938
35333539623661616636663766313463643764643635616461333639366535326336323034663539
39313338623031613930323565643965326338633063643864353335613632393566643432646537
35633161636632643233393863663333326362326633303633663165383032363436626236353064
61643539623138353934656437656365623162326331353834646136613539376362343639383033
37363261653661323765363662323265356137613363643165316330353432343330353434636138
30343934646232393934396230353037333634613366613261393966363762643661353137663931
66663437633161333163323862333031313037323235363036656666613134663938343561613363
33353164353566326431643632633338326133646461633038366139303562326435613461386239
32303237346365316630623630386537633231353939373733613865366562663364383165336462
63613034313962613066383465623137656635636132663163626263643065356461643565623739
39386534393933653966333163643939356331376366366534346263343136636462366131343466
33373235313135666632613538316634663830643334366331656463343130366665633462623330
66323332333164626336613538393662393434646637303133356134613965313861363230376632
36373265343264656336663561653163656531623565373039373638303766656566363361616635
33316264636132343933383739656666313831646538656461633463323663656331656338626230
31353632303838383363616138333735316466623635343733353462373264316532323635383838
63613231396561376435646239333961613039373039333662613763366430393133373963333335
64656633333866623962323066366538613062613735353666376533383163386466343834343336
63653538653531336436353634663332626431363962313964316137323437613137343566643866
37643435323163313339626263306166366335633739663965623735306538343161663737373237
35333334393364313339336664383434353135633838313032306364336162623535663965613838
33303064316630356635643065613838653730356135373239666230353961323633633236376561
30333763643064336539623735356137306532613335326236313164323732353832386562346332
63653734393039643931306334393130653464353562313930643531616632333866333231303334
63393363626564646131386239353364666538333237333137373830343736663837336662353264
65393166613833366130343032313930666633343036326263336634613137636334613831356634
31336165633862656134323262343463656634613539646630363930346366303237643330303766
38666662396434653438643035333061616466316639386432383531613566333133316538366666
61626339326463623961303030313232636634313136653930383266326530323134333562323665
36393336306264663365336133383365393030626361313861366533313438386330366266623861
30616234323563313233613033366339376538336233373763653732366365386535373533326239
61356633366538366637616633373264383362626137316465616131316130376439626138666439
62373132313961633636313366363935373133626233323133353931616131646538343265613937
66643765363530386566343530326338663430663332306664663633383138323437396335363830
33633730366130343534363831396262313165366461313764643838363930393635656366396335
61363039333339313437393938366236333033393530336165396331346464383664666432396532
38386137643635343139666365643231653339346234396638633265363865343039383333366230
65333566373763373830336534626363313864623531333562333362333038303662636139653061
62313063393938633138356363323266343339353361373431643663336633343430323030323464
39656531386337643763623761343036616534313030313835323532326531666564653432363131
31643463636635666632643938303434333064613361333436313666393562303132646136333539
346466383966333466666136396439383431
